[?25l[0m                                          [0m
          [38;5;66m⡀[7m[38;5;236m⠁[38;5;237m⠁⠁[38;5;239m⠁[0m[38;5;73;48;5;236m⣶[38;5;240;48;5;237m⡀[0m[7m[38;5;236m⠉[38;5;237m⠁[0m[38;5;72;48;5;236m⢀[0m[38;5;116m⢀[38;5;115m⡀[0m                    [0m
        [38;5;236m⢀[38;5;109;48;5;235m⠊[38;5;16;48;5;233m⡀⡀[38;5;235m⠘[38;5;238m⠐[38;5;65;48;5;232m⠯[38;5;66;48;5;234m⠉[38;5;239;48;5;235m⠉[38;5;16;48;5;236m⡀[38;5;236;48;5;237m⢀[38;5;66;48;5;238m⢸[38;5;109;48;5;236m⣿⣿[38;5;66;48;5;237m⡷[38;5;109;48;5;236m⠂[0m[38;5;109m⢀[0m                 [0m
      [38;5;234m⢀[38;5;239;48;5;235m⣔[38;5;235m⠀[38;5;16;48;5;234m⡀[48;5;233m⡀⡀[48;5;234m⡀⡀⡀⡀⡀[48;5;235m⡀[48;5;237m⡀[38;5;236;48;5;238m⠁[38;5;65;48;5;239m⠁[38;5;66m⠁[38;5;236;48;5;238m⠈[38;5;16m⡀⡀[38;5;232;48;5;240m⣦[0m[7m[38;5;237m⠐[0m[38;5;66m⡀[0m              [0m
    [38;5;233m⢀[38;5;16;48;5;239m⠿[38;5;66;48;5;238m⢀[48;5;237m⣀[48;5;238m⣀[38;5;241;48;5;236m⡀[38;5;16;48;5;234m⢀[48;5;235m⡀[48;5;236m⡀[38;5;66;48;5;238m⢀⣄⡀[38;5;16m⠐[48;5;237m⠐[48;5;238m⠐[38;5;65m⢀[38;5;66m⣀⣀[38;5;65m⡀[38;5;16m⠐[48;5;237m⠐[48;5;238m⠁[38;5;66m⢀[48;5;239m⣠[38;5;59;48;5;237m⣤[0m[38;5;238m⡀[0m            [0m
   [38;5;109m⢠[38;5;241;48;5;237m⠁[38;5;237m⠀[38;5;72m⢺[38;5;109;48;5;235m⣿⣿[38;5;66;48;5;238m⡀[38;5;237;48;5;237m⠀[38;5;236m⠈[38;5;66;48;5;238m⠐[38;5;109;48;5;235m⣿[48;5;238m⣿[48;5;239m⣟[38;5;72;48;5;238m⡀[38;5;236;48;5;237m⡂⠂[38;5;72m⢸[38;5;109;48;5;235m⣿⣿[38;5;66;48;5;237m⡖[38;5;236m⠐⢠[38;5;59;48;5;238m⠐[38;5;109;48;5;236m⢺[48;5;235m⣿⣿[38;5;66;48;5;237m⡀[38;5;241;48;5;236m⠆[0m           [0m
   [38;5;109;48;5;237m⠈[38;5;16;48;5;234m⡀[38;5;238;48;5;235m⠘[38;5;66;48;5;238m⠙[38;5;109m⠿[38;5;73m⠿[38;5;238;48;5;66m⠐[38;5;236m⠿[38;5;235m⢟[38;5;238;48;5;73m⠂[38;5;73;48;5;116m⠁[38;5;152;48;5;152m⠀[0m[7m[38;5;152m⠀[0m[38;5;109;48;5;152m⠈[38;5;235;48;5;109m⠙[38;5;236;48;5;240m⡀[38;5;66;48;5;238m⠸[38;5;109m⠿⠿[38;5;66m⠇[38;5;236;48;5;239m⠈[38;5;16;48;5;238m⡀[38;5;237;48;5;239m⠂[38;5;109;48;5;238m⠙⠿⠛[38;5;66m⠁[38;5;233m⡀[48;5;239m⣄[0m[38;5;240m⠄[0m         [0m
   [38;5;241;48;5;236m⠁[38;5;16;48;5;233m⡀[48;5;234m⡀[38;5;234;48;5;238m⡀[38;5;66;48;5;239m⢀[38;5;239;48;5;109m⠃[48;5;152m⠁[0m[7m[38;5;152m⠀⠀⠀⠀⠀⠀⠀⠀[0m[38;5;234;48;5;116m⠘[38;5;235;48;5;66m⢿[38;5;236;48;5;239m⡀[38;5;240;48;5;238m⠁[38;5;234m⠐[38;5;16m⡀[48;5;237m⡀[48;5;238m⡀[38;5;235m⡀[38;5;240m⠉[38;5;236m⡀[38;5;16m⢀[48;5;237m⡀[48;5;236m⡀[48;5;238m⡀[0m[7m[38;5;239m⠁[0m        [0m
   [38;5;116;48;5;237m⡀[38;5;16;48;5;233m⡀[38;5;237;48;5;234m⢠[38;5;66;48;5;238m⢠[38;5;238;48;5;109m⠁[0m[7m[38;5;152m⠀⠀⠀⠀⠀⠀⠀⠀⠀⠀[0m[38;5;109;48;5;116m⢀[38;5;59;48;5;73m⡀[38;5;109;48;5;240m⣤[48;5;239m⣤[38;5;66;48;5;238m⡄[38;5;236m⢀[38;5;16;48;5;237m⠁[38;5;236;48;5;238m⠄[38;5;72m⣠[38;5;66;48;5;237m⣶[48;5;234m⣄[38;5;16;48;5;233m⢀⡀⡀[38;5;236m⢠[38;5;66;48;5;235m⢐[38;5;109;48;5;240m⡀[0m[38;5;72m⡀[0m      [0m
   [38;5;116;48;5;237m⡀[38;5;16;48;5;233m⡀[38;5;238m⠈[38;5;73;48;5;236m⢹[38;5;152;48;5;72m⠁[0m[7m[38;5;152m⠀⠀⠀⠀⠀⠀⠀⠀⠀[0m[38;5;235;48;5;109m⠠[38;5;239;48;5;72m⠃[38;5;152;48;5;73m⡀[48;5;109m⠐[48;5;72m⠁[38;5;66;48;5;235m⡏[38;5;238;48;5;237m⠃[38;5;236m⠐[38;5;59;48;5;238m⢀[38;5;109;48;5;237m⣸[38;5;115;48;5;235m⣿[38;5;109m⣿[38;5;66;48;5;236m⡀[38;5;237;48;5;235m⡄[38;5;16;48;5;233m⡀[38;5;237m⢀[38;5;66m⢈⠥[48;5;236m⢻[0m[38;5;238m⡄[0m     [0m
   [38;5;116;48;5;237m⠇[38;5;16;48;5;233m⡀⡀[38;5;66;48;5;236m⠘[38;5;237;48;5;66m⡀[38;5;241;48;5;73m⢀[48;5;116m⣀[38;5;234;48;5;115m⣀[38;5;16;48;5;109m⣀[38;5;109;48;5;116m⡀[38;5;152;48;5;152m⠀[0m[7m[38;5;152m⠀⠀⠀⠀[0m[38;5;232;48;5;72m⣴[38;5;66;48;5;240m⠨[38;5;238;48;5;66m⣀[38;5;109;48;5;65m⢏[38;5;238;48;5;73m⠐[38;5;235;48;5;109m⠹[38;5;234;48;5;73m⠿[48;5;66m⡷[38;5;66;48;5;240m⠉[38;5;72m⠛[48;5;239m⠃[38;5;59;48;5;238m⠁[38;5;233;48;5;239m⣿[38;5;16;48;5;234m⡀⡀[38;5;239;48;5;233m⠈[38;5;65;48;5;235m⠑[38;5;66;48;5;239m⠃[38;5;232;48;5;240m⣆[0m     [0m
   [38;5;116;48;5;236m⡇[38;5;16;48;5;233m⡀⡀⡀[48;5;237m⡀[38;5;236;48;5;241m⠿[38;5;234;48;5;66m⡛[38;5;16;48;5;109m⠛[48;5;66m⡻[38;5;234;48;5;65m⣿[38;5;236;48;5;59m⠤[38;5;65;48;5;109m⣀[38;5;152;48;5;152m⠀[0m[7m[38;5;152m⠀⠀[0m[38;5;16;48;5;115m⠣[38;5;237;48;5;109m⠄[38;5;65m⠃[38;5;73;48;5;116m⠈[0m[7m[38;5;152m⠀⠀⠀⠀⠀[0m[38;5;152;48;5;152m⠀[38;5;235;48;5;116m⠈[38;5;233;48;5;115m⠙[38;5;16;48;5;241m⢿[48;5;233m⡀⡀⡀[48;5;234m⡀[48;5;237m⡀[48;5;238m⡀[0m[38;5;16m⡀[0m    [0m
   [38;5;116;48;5;238m⡀[38;5;16;48;5;233m⡀⡀[38;5;66m⠰[38;5;152;48;5;72m⢀[48;5;66m⡀[38;5;72;48;5;239m⠇[38;5;109m⠠[38;5;234;48;5;237m⡀[38;5;115;48;5;239m⠁[38;5;109;48;5;240m⣾[48;5;237m⣿[48;5;66m⡀[0m[7m[38;5;152m⠀⠀⠀⠀⠀⠀⠀⠀⠀⠀⠀⠀⠀⠀[0m[38;5;232;48;5;116m⠈[38;5;116;48;5;237m⡀[38;5;236;48;5;233m⢠[38;5;240m⢀⡆[38;5;66;48;5;237m⣄[38;5;237;48;5;238m⢀[38;5;109m⢀[0m    [0m
   [38;5;116;48;5;236m⡇[38;5;16;48;5;233m⡀⡀[38;5;237;48;5;234m⠐[38;5;152;48;5;72m⠐[48;5;116m⡀[38;5;239;48;5;66m⠘[38;5;66;48;5;239m⣀[38;5;235;48;5;66m⠋[38;5;238;48;5;109m⠁[38;5;152;48;5;66m⢀⡀[38;5;109m⠁[0m[7m[38;5;152m⠀⠀⠀⠀⠀⠀⠀⠀⠀⠀⠀⠀⠀⠀⠀[0m[38;5;238;48;5;115m⠘[38;5;237;48;5;234m⠠[38;5;66;48;5;233m⢰[38;5;109;48;5;236m⣶[38;5;72;48;5;238m⡇[38;5;66;48;5;239m⠡[38;5;16;48;5;238m⡀[0m[38;5;73m⡂[0m   [0m
   [38;5;72;48;5;235m⡇[38;5;16;48;5;233m⡀⡀[48;5;234m⡀[38;5;59;48;5;109m⡅[38;5;152;48;5;116m⡀[38;5;236;48;5;73m⢰[48;5;116m⠋[0m[7m[38;5;152m⠀⠀⠀[0m[38;5;152;48;5;116m⡀[38;5;239;48;5;66m⢀[38;5;236;48;5;116m⡂[0m[7m[38;5;152m⠀⠀⠀⠀⠀⠀⠀⠀⠀⠀⠀⠀⠀⠀[0m[38;5;16;48;5;116m⠰[48;5;234m⡀[38;5;66m⠈[48;5;239m⠉[38;5;241m⠁[0m[7m[38;5;239m⠅[0m[38;5;232;48;5;239m⣷[0m[38;5;72m⡂[0m   [0m
   [38;5;109m⢠[38;5;16;48;5;233m⢀⡀[38;5;59;48;5;234m⡀[38;5;236;48;5;66m⡂[0m[7m[38;5;152m⠀[0m[38;5;237;48;5;116m⠈[38;5;232;48;5;109m⡆[0m[7m[38;5;152m⠀⠀⠀⠀[0m[38;5;239;48;5;116m⠈[38;5;236;48;5;109m⢳[38;5;240;48;5;116m⣀[38;5;65m⡀[0m[7m[38;5;152m⠀⠀⠀⠀⠀⠀[0m[38;5;240;48;5;116m⡠[38;5;116;48;5;152m⠄[0m[7m[38;5;152m⠀⠀⠀⠀[0m[38;5;233;48;5;109m⢸[38;5;16;48;5;234m⠐[38;5;59m⣠[38;5;66;48;5;238m⣀[38;5;65;48;5;237m⡀[38;5;16;48;5;234m⡀[48;5;237m⠐[0m    [0m
    [38;5;232;48;5;237m⠸[38;5;237;48;5;235m⣀[38;5;240;48;5;109m⠈[38;5;152;48;5;115m⡀[38;5;115;48;5;116m⠁[38;5;152;48;5;152m⠀[38;5;236;48;5;109m⠙[38;5;238m⠢[38;5;109;48;5;116m⡀[0m[7m[38;5;152m⠀⠀⠀⠀[0m[38;5;72;48;5;115m⠁[38;5;152;48;5;66m⠐[48;5;109m⠐⠁⠐[48;5;73m⠁[48;5;115m⢀[38;5;66;48;5;116m⠁[0m[7m[38;5;152m⠀⠀⠀⠀⠀[0m[38;5;72;48;5;115m⢀[38;5;116;48;5;235m⠁[38;5;66;48;5;234m⢀[38;5;109m⣿[48;5;235m⣿[38;5;66;48;5;233m⡏[38;5;16m⡀[48;5;236m⠁[0m[38;5;65m⠆[0m   [0m
    [38;5;235m⠈[38;5;238;48;5;235m⠘[38;5;237;48;5;66m⡀[0m[7m[38;5;152m⠀[0m[38;5;152;48;5;115m⡀[38;5;239m⡀[38;5;152;48;5;152m⠀[0m[7m[38;5;152m⠀[0m[38;5;65;48;5;116m⠁[38;5;152;48;5;152m⠀[0m[7m[38;5;152m⠀[0m[38;5;152;48;5;152m⠀[38;5;72;48;5;115m⠐[38;5;236;48;5;66m⣐[38;5;238;48;5;239m⠘[38;5;66;48;5;238m⠸[38;5;115;48;5;66m⠁[38;5;152;48;5;109m⢀[48;5;116m⡀[0m[7m[38;5;152m⠀⠀⠀⠀⠀⠀[0m[38;5;234;48;5;116m⢀[38;5;152;48;5;239m⠃[38;5;237;48;5;236m⠘[38;5;66;48;5;238m⠐[38;5;73;48;5;236m⠿[38;5;66;48;5;233m⠋[48;5;234m⠁[38;5;16m⡀[38;5;234;48;5;239m⣿[38;5;237;48;5;238m⠠[38;5;115m⢆[0m  [0m
     [38;5;16m⢀[7m[38;5;237m⠁[0m[38;5;236;48;5;109m⡄[38;5;152;48;5;152m⠀[38;5;234;48;5;116m⠈[38;5;235m⠓[0m[7m[38;5;152m⠀⠀⠀⠀[0m[38;5;152;48;5;152m⠀[38;5;238;48;5;116m⠙[38;5;16;48;5;66m⠿⣿[38;5;235m⡂[38;5;65;48;5;109m⡀[38;5;116;48;5;152m⠁[0m[7m[38;5;152m⠀⠀⠀⠀⠀⠀[0m[38;5;234;48;5;109m⢠[38;5;232;48;5;66m⣼[38;5;16;48;5;237m⡀[48;5;238m⡀[48;5;237m⠐[48;5;233m⡀⡀[48;5;234m⡀[48;5;233m⡀⡀⡀[38;5;66m⠈[38;5;73;48;5;235m⠂[0m[38;5;239m⡀[0m
   [38;5;109m⣠[38;5;233;48;5;115m⠋[38;5;16;48;5;116m⠉[38;5;237;48;5;66m⠁[38;5;66;48;5;237m⣴[38;5;109;48;5;238m⣌[38;5;152;48;5;59m⠙[38;5;16;48;5;109m⣀[38;5;66;48;5;116m⢀[0m[7m[38;5;152m⠀⠀⠀⠀⠀⠀[0m[38;5;236;48;5;115m⠨[38;5;109;48;5;240m⣀[48;5;239m⣼[38;5;152;48;5;109m⠐[38;5;116;48;5;152m⡀[0m[7m[38;5;152m⠀⠀[0m[38;5;72;48;5;116m⢀[38;5;152;48;5;109m⠐[38;5;109;48;5;66m⡀[48;5;59m⠄[38;5;233;48;5;72m⠙[38;5;232;48;5;73m⠛[38;5;66;48;5;238m⡀[48;5;237m⢀[38;5;239;48;5;233m⢀[38;5;238m⣠[38;5;236m⣀[38;5;16m⡀⡀⡀[38;5;237m⢀[38;5;65;48;5;234m⢀[38;5;72;48;5;235m⣄[0m
  [7m[38;5;66m⠏[38;5;152m⠀⠀[0m[38;5;152;48;5;116m⡀[38;5;109;48;5;240m⢿[48;5;235m⣿[38;5;72;48;5;233m⡟[38;5;237m⠁[38;5;16m⡀⡀[38;5;66m⠈[38;5;115;48;5;237m⠛[38;5;152;48;5;66m⠐[38;5;115;48;5;116m⡀[0m[7m[38;5;152m⠀⠀⠀[0m[38;5;152;48;5;152m⠀[48;5;116m⡀[48;5;73m⡀[48;5;115m⡀[48;5;116m⡀[38;5;236;48;5;66m⠛[38;5;72;48;5;239m⡧[38;5;152;48;5;66m⢀[38;5;116m⠐[38;5;152;48;5;109m⠐[38;5;109;48;5;116m⠁[0m[7m[38;5;152m⠀[0m[38;5;152;48;5;66m⡀[38;5;66;48;5;238m⢀[38;5;73;48;5;235m⣷[38;5;241;48;5;232m⡏[38;5;237;48;5;233m⠁[38;5;16m⡀⡀⡀[38;5;238m⢀[38;5;66m⣽[38;5;152;48;5;66m⠐[0m
  [38;5;115;48;5;116m⠁[0m[7m[38;5;152m⠀[0m[38;5;16;48;5;115m⢀[38;5;234;48;5;66m⣼[38;5;66;48;5;239m⠘[48;5;235m⠋[38;5;238;48;5;233m⠉[38;5;16;48;5;235m⡀[48;5;234m⡀[48;5;233m⡀[48;5;234m⡀[38;5;238;48;5;233m⠈[38;5;239m⠋[38;5;115;48;5;234m⠈[38;5;152;48;5;240m⠙[48;5;116m⡀[0m[7m[38;5;152m⠀⠀⠀⠀⠀⠀[0m[38;5;236;48;5;109m⢰[38;5;234;48;5;66m⣤[38;5;239m⠄[38;5;152;48;5;116m⡀[38;5;72;48;5;115m⠐[38;5;109;48;5;152m⢀[38;5;234;48;5;116m⣠[38;5;235;48;5;66m⣴[38;5;236;48;5;239m⢀[38;5;72;48;5;238m⠛[38;5;66m⠃[38;5;240;48;5;235m⠂[38;5;16;48;5;233m⡀⡀[48;5;234m⡀[38;5;237;48;5;233m⠈[38;5;65;48;5;236m⠨[38;5;72;48;5;239m⠋[0m
 [38;5;152m⢠[38;5;236;48;5;116m⢀[38;5;232;48;5;72m⣰[38;5;16;48;5;237m⡀[48;5;238m⡀[38;5;234m⠐[38;5;16;48;5;237m⠁[48;5;236m⡀[38;5;232;48;5;238m⠐[38;5;16;48;5;236m⡀[48;5;233m⡀[48;5;234m⡀[48;5;233m⡀⡀⡀[48;5;235m⢀[38;5;152;48;5;237m⠈[38;5;16;48;5;116m⠄[0m[7m[38;5;152m⠀⠀⠀⠀⠀[0m[38;5;16;48;5;115m⢸[38;5;234;48;5;66m⣿[38;5;240;48;5;109m⢁[38;5;152;48;5;115m⠁[38;5;237;48;5;66m⢀[38;5;234;48;5;116m⣀[38;5;232m⣠[48;5;109m⠽[38;5;235;48;5;115m⠋[38;5;237;48;5;66m⠻[38;5;234;48;5;239m⠐[38;5;16;48;5;236m⡀[48;5;235m⡀[48;5;234m⡀[48;5;235m⡀[48;5;233m⡀[48;5;236m⡀[38;5;236;48;5;241m⢋[0m
 [38;5;152;48;5;240m⠐[38;5;109;48;5;239m⣇[38;5;239;48;5;238m⡀[38;5;233;48;5;237m⠁[38;5;236;48;5;238m⠐[38;5;72;48;5;237m⢰[48;5;236m⣿[38;5;73m⣷[38;5;66;48;5;238m⡀[38;5;237;48;5;236m⡄[38;5;16m⢀[48;5;235m⡀[38;5;238;48;5;233m⢀[38;5;239;48;5;232m⣶[38;5;66;48;5;235m⢠[38;5;240;48;5;238m⡀[38;5;116;48;5;239m⢀[38;5;240;48;5;116m⠁[0m[7m[38;5;152m⠀⠀⠀⠀⠀[0m[38;5;239;48;5;116m⠈[38;5;238m⠉[38;5;66m⠉⠉[38;5;240;48;5;72m⠈[38;5;66;48;5;116m⠁[0m[7m[38;5;152m⠀⠀[0m[38;5;66;48;5;116m⠁[38;5;115;48;5;72m⢀[38;5;72;48;5;236m⣿[38;5;66m⣄[38;5;16;48;5;234m⡀[48;5;233m⡀[38;5;237m⡀[38;5;238m⢀[38;5;239;48;5;232m⣴[38;5;72;48;5;236m⢰[0m
 [7m[38;5;240m⠃[0m[38;5;73;48;5;237m⡧[38;5;237;48;5;238m⢀[38;5;235;48;5;59m⣿[38;5;237;48;5;239m⠁[38;5;73;48;5;237m⢸[38;5;109;48;5;236m⣿⣿[38;5;66;48;5;238m⠅[38;5;237m⡀[38;5;234;48;5;237m⡀[38;5;66;48;5;236m⠠[38;5;109m⣾[38;5;66m⣀[38;5;115;48;5;240m⣦[48;5;239m⡄[38;5;236;48;5;66m⡃[0m[7m[38;5;152m⠀⠀⠀⠀⠀⠀[0m[38;5;152;48;5;73m⠁[48;5;116m⡀[0m[7m[38;5;152m⠀⠀[0m[38;5;152;48;5;109m⠁[0m[7m[38;5;152m⠀[0m[38;5;234;48;5;115m⢀[38;5;237;48;5;109m⣀[38;5;238;48;5;72m⡀[38;5;109;48;5;239m⣿[48;5;236m⣿[38;5;73;48;5;237m⡇[38;5;239;48;5;235m⠄[38;5;234;48;5;236m⡀[38;5;239;48;5;235m⠠[38;5;238;48;5;234m⠐[38;5;59;48;5;233m⢼[38;5;109;48;5;238m⣸[0m
 [38;5;109;48;5;72m⡀[38;5;65;48;5;115m⠃[38;5;59;48;5;116m⠉[0m[7m[38;5;152m⠀[0m[38;5;240;48;5;152m⠈[48;5;115m⠐[38;5;66;48;5;239m⠉⠁[38;5;59;48;5;238m⠁[38;5;16m⡀[38;5;232;48;5;240m⣿[38;5;16;48;5;239m⡀[38;5;237;48;5;66m⡐[38;5;65;48;5;59m⠠[38;5;109;48;5;240m⠅[38;5;16;48;5;238m⢀[38;5;234;48;5;109m⡏[0m[7m[38;5;152m⠀⠀⠀⠀⠀[0m[38;5;233;48;5;115m⢠[48;5;59m⣿[38;5;238;48;5;116m⠇[0m[7m[38;5;152m⠀⠀[0m[38;5;109;48;5;116m⠈[0m[7m[38;5;152m⠀[0m[38;5;16;48;5;66m⢶[48;5;238m⡀[38;5;59m⠈[38;5;66m⠉[48;5;239m⠉[38;5;65;48;5;238m⠁[38;5;232;48;5;59m⣿[48;5;66m⠿[38;5;233;48;5;65m⣿[38;5;237;48;5;238m⠢[38;5;16;48;5;237m⠐[38;5;236;48;5;66m⣠[0m
 [7m[38;5;152m⠀⠀⠀⠀⠀⠀[0m[38;5;237;48;5;66m⠙[38;5;66;48;5;238m⡀[38;5;236m⢀[38;5;16m⠐[48;5;237m⠐[38;5;234;48;5;239m⠐[38;5;236;48;5;109m⠅[38;5;238m⠐[38;5;115;48;5;240m⡁[38;5;232;48;5;66m⠽[38;5;235;48;5;115m⣅[0m[7m[38;5;152m⠀⠀⠀⠀⠀[0m[38;5;233;48;5;72m⢸[48;5;241m⣿[0m[7m[38;5;152m⠀⠀[0m[38;5;152;48;5;152m⠀⠀[0m[7m[38;5;152m⠀[0m[38;5;234;48;5;73m⢛[38;5;16;48;5;238m⠐[38;5;236m⡀[38;5;66m⢀⣀[38;5;59m⡀[38;5;16;48;5;109m⠇[0m[7m[38;5;152m⠀[0m[38;5;233;48;5;109m⢸[38;5;65;48;5;238m⢀[38;5;66m⣀[48;5;239m⡀[0m
[38;5;116m⢠[7m[38;5;152m⠀⠀⠀⠀⠀⠀[0m[38;5;152;48;5;109m⡀[38;5;109;48;5;235m⣿[38;5;66;48;5;238m⡀[38;5;236;48;5;237m⠁[38;5;73;48;5;239m⢤[38;5;240;48;5;109m⡀[0m[7m[38;5;152m⠀[0m[38;5;152;48;5;116m⠐[48;5;66m⡀[38;5;239;48;5;73m⠃[0m[7m[38;5;152m⠀[0m[38;5;152;48;5;116m⡀⡀⡀[0m[7m[38;5;152m⠀⠀[0m[38;5;109;48;5;152m⠈[38;5;236;48;5;109m⠘[38;5;116m⠐[38;5;152;48;5;116m⡀[38;5;116;48;5;109m⢀[38;5;152;48;5;116m⡀[0m[7m[38;5;152m⠀[0m[38;5;152;48;5;109m⡀[38;5;236;48;5;66m⠛[38;5;66;48;5;238m⢀[38;5;109m⣿[48;5;237m⣿[38;5;72m⡦[38;5;238;48;5;73m⡄[38;5;235;48;5;72m⠰[38;5;237;48;5;115m⠈[38;5;109;48;5;237m⢸[48;5;235m⣿⣿[0m
[?25h